1,0.258245098,0.443832654,0.036761943,0.115648379,0.099989966,0.115648379,0.041172339,0.047619921,0.041172339,0.057143926,0.311463078,0.443832654,0.047619921,0.041172339,0.033723621,0.036761943,0.036761943,0.041172339,0.138778105,0.041172339,0.057143926,0.089279004,0.089279004,0.101020293,0.093360272,0.041172339,0.057143926,0.041172339,0.115648379,0.196987425,0.057143926,0.047619921,0.041172339,0.047619921,0.071429946,0.226732089,0.057143926,0.047619921,0.041172339,0.115648379,0.138778105,0.225546086,0.443832654,0.041172339,0.099989966,0.089279004,0.443832654,0.036761943,0.041172339,0.115648379,0.057143926,0.036761943,0.057143926,0.196987425,0.047619921,0.089279004,0.115648379,0.115648379,0.115648379,0.443832654,0.443832654,0.041172339,0.047619921,0.047619921,0.099989966,0.041172339,0.124019726,0.057143926,0.036761943,0.041172339,0.115648379,0.089268115,0.225546086,0.041172339,0.036761943,0.047619921,0.057143926,0.225546086,0.099989966,0.099989966,0.099989966,0.132392282,0.295684717,0.099989966,0.047619921,0.071429946,0.047619921
0.258245098,1,0.443832654,0.225546086,0.443832654,0.387634533,0.443832654,0.338552222,0.044429743,0.443832654,0.000765191,0.443832654,0.443832654,0.172044864,0.172044864,0.443832654,0.387634533,0.258245098,0.007643909,0.150260531,0.338552222,0.387634533,0.06669053,0.172044864,0.443832654,0.443832654,0.387634533,0.150260531,0.005092431,0.387634533,0.196987425,0.000339617,0.225546086,0.087429452,0.443832654,0.007643909,0.443832654,0.172044864,0.050871037,0.038804046,0.443832654,0.387634533,0.225546086,0.443832654,0.225546086,0.295684717,0.443832654,0.443832654,0.443832654,0.387634533,0.295684717,0.338552222,0.225546086,0.225546086,0.196987425,0.258245098,0.258245098,0.131234533,0.258245098,0.387634533,0.443832654,0.443832654,0.196987425,0.443832654,0.443832654,0.196987425,0.038804046,0.225546086,0.100104718,0.087429452,0.058246171,0.295684717,0.295684717,0.225546086,0.258245098,0.443832654,0.443832654,0.087429452,0.225546086,0.196987425,0.114617607,0.443832654,0.172044864,0.295684717,0.172044864,0.443832654,0.114617607,0.225546086
0.443832654,0.443832654,1,0.387634533,0.762792505,0.666207666,0.762792505,0.581852406,0.076359129,0.762792505,0.001315095,0.762792505,0.762792505,0.295684717,0.295684717,0.762792505,0.666207666,0.443832654,0.013137196,0.258245098,0.581852406,0.666207666,0.114617607,0.295684717,0.762792505,0.762792505,0.666207666,0.258245098,0.008752101,0.666207666,0.338552222,0.000583682,0.387634533,0.150260531,0.762792505,0.013137196,0.762792505,0.295684717,0.087429452,0.06669053,0.762792505,0.666207666,0.387634533,0.762792505,0.387634533,0.508178215,0.762792505,0.762792505,0.762792505,0.666207666,0.508178215,0.581852406,0.387634533,0.387634533,0.338552222,0.443832654,0.443832654,0.225546086,0.443832654,0.666207666,0.762792505,0.762792505,0.338552222,0.762792505,0.762792505,0.338552222,0.06669053,0.387634533,0.172044864,0.150260531,0.100104718,0.508178215,0.508178215,0.387634533,0.443832654,0.762792505,0.762792505,0.150260531,0.387634533,0.338552222,0.196987425,0.762792505,0.295684717,0.508178215,0.295684717,0.762792505,0.196987425,0.387634533
0.036761943,0.225546086,0.387634533,1,0.028013277,0.022082402,0.028013277,0.163074998,0.206873557,0.163074998,0.271481054,0.101626678,0.387634533,0.206873557,0.163074998,0.112414826,0.133086931,0.133086931,0.163074998,0.036761943,0.163074998,0.036761943,0.018021641,0.018021641,0.024598051,0.069898901,0.163074998,0.271481054,0.163074998,0.028013277,0.172044864,0.271481054,0.028013277,0.098694817,0.125202196,0.222834703,0.069898901,0.036761943,0.206873557,0.163074998,0.028013277,0.036761943,0.196987425,0.387634533,0.053628691,0.022082402,0.018021641,0.387634533,0.133086931,0.163074998,0.028013277,0.271481054,0.133086931,0.271481054,0.172044864,0.028013277,0.018021641,0.028013277,0.028013277,0.028013277,0.387634533,0.387634533,0.163074998,0.206873557,0.206873557,0.022082402,0.163074998,0.032999751,0.271481054,0.133086931,0.163074998,0.028013277,0.02182825,0.196987425,0.163074998,0.133086931,0.206873557,0.036761943,0.196987425,0.022082402,0.022082402,0.022082402,0.038443795,0.258245098,0.022082402,0.206873557,0.049857993,0.028013277
0.115648379,0.443832654,0.762792505,0.028013277,1,0.078342404,0.093408273,0.032258637,0.03846223,0.032258637,0.047619921,0.281152579,0.762792505,0.03846223,0.032258637,0.025087767,0.028013277,0.028013277,0.032258637,0.115648379,0.032258637,0.047619921,0.125202196,0.125202196,0.081792245,0.082379097,0.032258637,0.047619921,0.032258637,0.093408273,0.338552222,0.047619921,0.03846223,0.032258637,0.03846223,0.061343273,0.200063521,0.047619921,0.03846223,0.032258637,0.093408273,0.115648379,0.387634533,0.762792505,0.032258637,0.078342404,0.068032244,0.762792505,0.028013277,0.032258637,0.284037401,0.047619921,0.028013277,0.047619921,0.338552222,0.03846223,0.068032244,0.444229946,0.444229946,0.093408273,0.762792505,0.762792505,0.032258637,0.03846223,0.03846223,0.078342404,0.032258637,0.103565692,0.047619921,0.028013277,0.032258637,0.093408273,0.072418828,0.387634533,0.032258637,0.028013277,0.03846223,0.047619921,0.387634533,0.078342404,0.078342404,0.078342404,0.114242844,0.508178215,0.078342404,0.03846223,0.061343273,0.03846223
0.099989966,0.387634533,0.666207666,0.022082402,0.078342404,1,0.838709477,0.026217688,0.032258637,0.026217688,0.041172339,0.479833079,0.666207666,0.032258637,0.026217688,0.019232165,0.022082402,0.022082402,0.026217688,0.475531084,0.026217688,0.041172339,0.053628691,0.053628691,0.126455816,0.07496322,0.026217688,0.041172339,0.026217688,0.372579866,0.295684717,0.041172339,0.032258637,0.026217688,0.032258637,0.054521373,0.335039696,0.041172339,0.032258637,0.026217688,0.078342404,0.475531084,0.338552222,0.666207666,0.026217688,0.063671527,0.255046685,0.666207666,0.022082402,0.026217688,0.078342404,0.041172339,0.022082402,0.041172339,0.295684717,0.032258637,0.255046685,0.078342404,0.078342404,0.372579866,0.666207666,0.666207666,0.026217688,0.032258637,0.032258637,0.063671527,0.026217688,0.089670085,0.041172339,0.022082402,0.026217688,0.372579866,0.06092019,0.338552222,0.026217688,0.022082402,0.032258637,0.041172339,0.338552222,0.063671527,0.063671527,0.063671527,0.101868775,0.443832654,0.302808285,0.032258637,0.054521373,0.032258637
0.115648379,0.443832654,0.762792505,0.028013277,0.093408273,0.838709477,1,0.032258637,0.03846223,0.032258637,0.047619921,0.517415251,0.762792505,0.03846223,0.032258637,0.025087767,0.028013277,0.028013277,0.032258637,0.549999175,0.032258637,0.047619921,0.068032244,0.068032244,0.150525223,0.082379097,0.032258637,0.047619921,0.032258637,0.444229946,0.338552222,0.047619921,0.03846223,0.032258637,0.03846223,0.061343273,0.368184128,0.047619921,0.03846223,0.032258637,0.093408273,0.549999175,0.387634533,0.762792505,0.032258637,0.078342404,0.32354693,0.762792505,0.028013277,0.032258637,0.093408273,0.047619921,0.028013277,0.047619921,0.338552222,0.03846223,0.32354693,0.093408273,0.093408273,0.444229946,0.762792505,0.762792505,0.032258637,0.03846223,0.03846223,0.078342404,0.032258637,0.103565692,0.047619921,0.028013277,0.032258637,0.444229946,0.072418828,0.387634533,0.032258637,0.028013277,0.03846223,0.047619921,0.387634533,0.078342404,0.078342404,0.078342404,0.114242844,0.508178215,0.372579866,0.03846223,0.061343273,0.03846223
0.041172339,0.338552222,0.581852406,0.163074998,0.032258637,0.026217688,0.032258637,1,0.23822486,0.193613418,0.304051121,0.107359913,0.581852406,0.23822486,0.193613418,0.142026452,0.163074998,0.163074998,0.193613418,0.041172339,0.681647619,0.041172339,0.022082402,0.022082402,0.028293767,0.07496322,0.193613418,0.304051121,0.193613418,0.032258637,0.258245098,0.304051121,0.032258637,0.117177012,0.144176356,0.243677156,0.07496322,0.041172339,0.23822486,0.193613418,0.032258637,0.041172339,0.295684717,0.581852406,0.063671527,0.026217688,0.022082402,0.581852406,0.163074998,0.193613418,0.032258637,0.304051121,0.163074998,0.304051121,0.258245098,0.032258637,0.022082402,0.032258637,0.032258637,0.032258637,0.581852406,0.581852406,0.193613418,0.23822486,0.23822486,0.026217688,0.193613418,0.036922976,0.304051121,0.163074998,0.193613418,0.032258637,0.025084784,0.295684717,0.193613418,0.163074998,0.23822486,0.041172339,0.295684717,0.026217688,0.026217688,0.026217688,0.041945966,0.387634533,0.026217688,0.23822486,0.054521373,0.032258637
0.047619921,0.044429743,0.076359129,0.206873557,0.03846223,0.032258637,0.03846223,0.23822486,1,0.838709477,0.351665478,0.115768709,0.076359129,0.284037401,0.23822486,0.18526914,0.32354693,0.206873557,0.23822486,0.047619921,0.23822486,0.047619921,0.028013277,0.028013277,0.03367916,0.082379097,0.23822486,0.351665478,0.23822486,0.03846223,0.033890675,0.351665478,0.03846223,0.144176356,0.17190262,0.274166874,0.082379097,0.047619921,0.284037401,0.23822486,0.03846223,0.047619921,0.038804046,0.076359129,0.078342404,0.032258637,0.028013277,0.076359129,0.32354693,0.23822486,0.03846223,0.351665478,0.206873557,0.351665478,0.033890675,0.03846223,0.028013277,0.03846223,0.03846223,0.03846223,0.076359129,0.076359129,0.23822486,0.284037401,0.284037401,0.032258637,0.23822486,0.042644697,0.351665478,0.206873557,0.23822486,0.03846223,0.029819518,0.038804046,0.23822486,0.206873557,0.284037401,0.047619921,0.038804046,0.032258637,0.032258637,0.032258637,0.047041171,0.050871037,0.032258637,0.284037401,0.061343273,0.03846223
0.041172339,0.443832654,0.762792505,0.163074998,0.032258637,0.026217688,0.032258637,0.193613418,0.838709477,1,0.304051121,0.107359913,0.762792505,0.23822486,0.193613418,0.142026452,0.255046685,0.163074998,0.193613418,0.041172339,0.193613418,0.041172339,0.022082402,0.022082402,0.028293767,0.07496322,0.193613418,0.304051121,0.193613418,0.032258637,0.338552222,0.304051121,0.032258637,0.117177012,0.144176356,0.243677156,0.07496322,0.041172339,0.23822486,0.193613418,0.032258637,0.041172339,0.387634533,0.762792505,0.063671527,0.026217688,0.022082402,0.762792505,0.255046685,0.193613418,0.032258637,0.304051121,0.163074998,0.304051121,0.338552222,0.032258637,0.022082402,0.032258637,0.032258637,0.032258637,0.762792505,0.762792505,0.193613418,0.23822486,0.23822486,0.026217688,0.193613418,0.036922976,0.304051121,0.163074998,0.193613418,0.032258637,0.025084784,0.387634533,0.193613418,0.163074998,0.23822486,0.041172339,0.387634533,0.026217688,0.026217688,0.026217688,0.041945966,0.508178215,0.026217688,0.23822486,0.054521373,0.032258637
0.057143926,0.000765191,0.001315095,0.271481054,0.047619921,0.041172339,0.047619921,0.304051121,0.351665478,0.304051121,1,0.128249503,0.001315095,0.351665478,0.304051121,0.24904353,0.271481054,0.271481054,0.304051121,0.057143926,0.304051121,0.057143926,0.036761943,0.036761943,0.041596591,0.093360272,0.304051121,0.421998728,0.304051121,0.047619921,0.000583682,0.421998728,0.047619921,0.184015148,0.21283189,0.319248128,0.093360272,0.057143926,0.351665478,0.304051121,0.047619921,0.057143926,0.000668303,0.001315095,0.099989966,0.041172339,0.036761943,0.001315095,0.271481054,0.304051121,0.047619921,0.421998728,0.271481054,0.421998728,0.000583682,0.047619921,0.036761943,0.047619921,0.047619921,0.047619921,0.001724054,0.001315095,0.304051121,0.351665478,0.351665478,0.041172339,0.304051121,0.051066946,0.421998728,0.271481054,0.304051121,0.047619921,0.036757459,0.000668303,0.304051121,0.271481054,0.351665478,0.057143926,0.000668303,0.041172339,0.041172339,0.041172339,0.054514469,0.000876127,0.041172339,0.833333028,0.071429946,0.047619921
0.311463078,0.443832654,0.762792505,0.101626678,0.281152579,0.479833079,0.517415251,0.107359913,0.115768709,0.107359913,0.128249503,1,0.762792505,0.115768709,0.107359913,0.097685857,0.101626678,0.101626678,0.107359913,0.573196756,0.107359913,0.128249503,0.246807647,0.246807647,0.443932609,0.176370951,0.107359913,0.128249503,0.107359913,0.517415251,0.338552222,0.128249503,0.115768709,0.107359913,0.115768709,0.14710564,0.788270167,0.128249503,0.115768709,0.107359913,0.281152579,0.573196756,0.387634533,0.762792505,0.107359913,0.260731217,0.454209032,0.762792505,0.101626678,0.107359913,0.281152579,0.128249503,0.101626678,0.128249503,0.338552222,0.115768709,0.454209032,0.281152579,0.281152579,0.517415251,0.762792505,0.762792505,0.107359913,0.115768709,0.115768709,0.260731217,0.107359913,0.274073642,0.128249503,0.101626678,0.107359913,0.517415251,0.210158932,0.387634533,0.107359913,0.101626678,0.115768709,0.128249503,0.387634533,0.260731217,0.260731217,0.260731217,0.263219619,0.508178215,0.479833079,0.115768709,0.14710564,0.115768709
0.443832654,0.443832654,0.762792505,0.387634533,0.762792505,0.666207666,0.762792505,0.581852406,0.076359129,0.762792505,0.001315095,0.762792505,1,0.295684717,0.295684717,0.762792505,0.666207666,0.443832654,0.013137196,0.258245098,0.581852406,0.666207666,0.114617607,0.295684717,0.762792505,0.762792505,0.666207666,0.258245098,0.008752101,0.666207666,0.338552222,0.000583682,0.387634533,0.150260531,0.762792505,0.013137196,0.762792505,0.295684717,0.087429452,0.06669053,0.762792505,0.666207666,0.387634533,0.762792505,0.387634533,0.508178215,0.762792505,0.762792505,0.762792505,0.666207666,0.508178215,0.581852406,0.387634533,0.387634533,0.338552222,0.443832654,0.443832654,0.225546086,0.443832654,0.666207666,0.762792505,0.762792505,0.338552222,0.762792505,0.762792505,0.338552222,0.06669053,0.387634533,0.172044864,0.150260531,0.100104718,0.508178215,0.508178215,0.387634533,0.443832654,0.762792505,0.762792505,0.150260531,0.387634533,0.338552222,0.196987425,0.762792505,0.295684717,0.508178215,0.295684717,0.762792505,0.196987425,0.387634533
0.047619921,0.172044864,0.295684717,0.206873557,0.03846223,0.032258637,0.03846223,0.23822486,0.284037401,0.23822486,0.351665478,0.115768709,0.295684717,1,0.838709477,0.18526914,0.206873557,0.206873557,0.23822486,0.047619921,0.23822486,0.047619921,0.028013277,0.028013277,0.03367916,0.082379097,0.564515588,0.351665478,0.23822486,0.03846223,0.131234533,0.351665478,0.03846223,0.144176356,0.17190262,0.274166874,0.082379097,0.047619921,0.284037401,0.23822486,0.03846223,0.047619921,0.150260531,0.295684717,0.078342404,0.032258637,0.028013277,0.295684717,0.206873557,0.23822486,0.03846223,0.351665478,0.206873557,0.351665478,0.131234533,0.03846223,0.028013277,0.03846223,0.03846223,0.03846223,0.295684717,0.295684717,0.23822486,0.284037401,0.284037401,0.032258637,0.23822486,0.042644697,0.351665478,0.206873557,0.23822486,0.03846223,0.029819518,0.150260531,0.23822486,0.32354693,0.444229946,0.047619921,0.150260531,0.032258637,0.032258637,0.032258637,0.047041171,0.196987425,0.032258637,0.284037401,0.061343273,0.03846223
0.041172339,0.172044864,0.295684717,0.163074998,0.032258637,0.026217688,0.032258637,0.193613418,0.23822486,0.193613418,0.304051121,0.107359913,0.295684717,0.838709477,1,0.142026452,0.163074998,0.163074998,0.193613418,0.041172339,0.193613418,0.041172339,0.022082402,0.022082402,0.028293767,0.07496322,0.458800952,0.304051121,0.193613418,0.032258637,0.131234533,0.304051121,0.032258637,0.117177012,0.144176356,0.243677156,0.07496322,0.041172339,0.23822486,0.193613418,0.032258637,0.041172339,0.150260531,0.295684717,0.063671527,0.026217688,0.022082402,0.295684717,0.163074998,0.193613418,0.032258637,0.304051121,0.163074998,0.304051121,0.131234533,0.032258637,0.022082402,0.032258637,0.032258637,0.032258637,0.295684717,0.295684717,0.193613418,0.23822486,0.23822486,0.026217688,0.193613418,0.036922976,0.304051121,0.163074998,0.193613418,0.032258637,0.025084784,0.150260531,0.193613418,0.255046685,0.372579866,0.041172339,0.150260531,0.026217688,0.026217688,0.026217688,0.041945966,0.196987425,0.026217688,0.23822486,0.054521373,0.032258637
0.033723621,0.443832654,0.762792505,0.112414826,0.025087767,0.019232165,0.025087767,0.142026452,0.18526914,0.142026452,0.24904353,0.097685857,0.762792505,0.18526914,0.142026452,1,0.112414826,0.175814988,0.222127095,0.033723621,0.142026452,0.033723621,0.015222379,0.015222379,0.022046425,0.066414066,0.142026452,0.389500093,0.222127095,0.025087767,0.338552222,0.389500093,0.025087767,0.085956001,0.112126961,0.208482801,0.066414066,0.033723621,0.289757968,0.222127095,0.025087767,0.033723621,0.387634533,0.762792505,0.046706685,0.019232165,0.015222379,0.762792505,0.112414826,0.142026452,0.025087767,0.389500093,0.112414826,0.24904353,0.338552222,0.025087767,0.015222379,0.025087767,0.025087767,0.025087767,0.762792505,0.762792505,0.142026452,0.289757968,0.289757968,0.019232165,0.142026452,0.03029261,0.24904353,0.112414826,0.142026452,0.025087767,0.019576356,0.387634533,0.222127095,0.112414826,0.18526914,0.033723621,0.387634533,0.019232165,0.019232165,0.019232165,0.036023134,0.508178215,0.019232165,0.18526914,0.046646837,0.025087767
0.036761943,0.387634533,0.666207666,0.133086931,0.028013277,0.022082402,0.028013277,0.163074998,0.32354693,0.255046685,0.271481054,0.101626678,0.666207666,0.206873557,0.163074998,0.112414826,1,0.133086931,0.163074998,0.036761943,0.163074998,0.036761943,0.018021641,0.018021641,0.024598051,0.069898901,0.163074998,0.271481054,0.163074998,0.028013277,0.295684717,0.271481054,0.028013277,0.098694817,0.125202196,0.222834703,0.069898901,0.036761943,0.206873557,0.163074998,0.028013277,0.036761943,0.338552222,0.666207666,0.053628691,0.022082402,0.018021641,0.666207666,1,0.163074998,0.028013277,0.271481054,0.133086931,0.271481054,0.295684717,0.028013277,0.018021641,0.028013277,0.028013277,0.028013277,0.666207666,0.666207666,0.163074998,0.206873557,0.206873557,0.022082402,0.163074998,0.032999751,0.271481054,0.133086931,0.163074998,0.028013277,0.02182825,0.338552222,0.163074998,0.133086931,0.206873557,0.036761943,0.338552222,0.022082402,0.022082402,0.022082402,0.038443795,0.443832654,0.022082402,0.206873557,0.049857993,0.028013277
0.036761943,0.258245098,0.443832654,0.133086931,0.028013277,0.022082402,0.028013277,0.163074998,0.206873557,0.163074998,0.271481054,0.101626678,0.443832654,0.206873557,0.163074998,0.175814988,0.133086931,1,0.842271159,0.036761943,0.163074998,0.036761943,0.018021641,0.018021641,0.024598051,0.069898901,0.163074998,0.424592019,0.255046685,0.028013277,0.196987425,0.424592019,0.028013277,0.098694817,0.125202196,0.222834703,0.069898901,0.036761943,0.32354693,0.255046685,0.028013277,0.036761943,0.225546086,0.443832654,0.053628691,0.022082402,0.018021641,0.443832654,0.133086931,0.163074998,0.028013277,0.424592019,0.133086931,0.271481054,0.196987425,0.028013277,0.018021641,0.028013277,0.028013277,0.028013277,0.443832654,0.443832654,0.163074998,0.32354693,0.32354693,0.022082402,0.163074998,0.032999751,0.271481054,0.133086931,0.163074998,0.028013277,0.02182825,0.225546086,0.255046685,0.133086931,0.206873557,0.036761943,0.225546086,0.022082402,0.022082402,0.022082402,0.038443795,0.295684717,0.022082402,0.206873557,0.049857993,0.028013277
0.041172339,0.007643909,0.013137196,0.163074998,0.032258637,0.026217688,0.032258637,0.193613418,0.23822486,0.193613418,0.304051121,0.107359913,0.013137196,0.23822486,0.193613418,0.222127095,0.163074998,0.842271159,1,0.041172339,0.193613418,0.041172339,0.022082402,0.022082402,0.028293767,0.07496322,0.193613418,0.475531084,0.302808285,0.032258637,0.005830717,0.475531084,0.032258637,0.117177012,0.144176356,0.243677156,0.07496322,0.041172339,0.372579866,0.302808285,0.032258637,0.041172339,0.006676037,0.013137196,0.063671527,0.026217688,0.022082402,0.013137196,0.163074998,0.193613418,0.032258637,0.475531084,0.163074998,0.304051121,0.005830717,0.032258637,0.022082402,0.032258637,0.032258637,0.032258637,0.013137196,0.013137196,0.193613418,0.372579866,0.372579866,0.026217688,0.193613418,0.036922976,0.304051121,0.163074998,0.193613418,0.032258637,0.025084784,0.006676037,0.302808285,0.163074998,0.23822486,0.041172339,0.006676037,0.026217688,0.026217688,0.026217688,0.041945966,0.008752101,0.026217688,0.23822486,0.054521373,0.032258637
0.138778105,0.150260531,0.258245098,0.036761943,0.115648379,0.475531084,0.549999175,0.041172339,0.047619921,0.041172339,0.057143926,0.573196756,0.258245098,0.047619921,0.041172339,0.033723621,0.036761943,0.036761943,0.041172339,1,0.041172339,0.057143926,0.089279004,0.089279004,0.185911296,0.093360272,0.041172339,0.057143926,0.041172339,0.549999175,0.114617607,0.057143926,0.047619921,0.041172339,0.047619921,0.071429946,0.417263256,0.057143926,0.047619921,0.041172339,0.115648379,0.659999252,0.131234533,0.258245098,0.041172339,0.099989966,0.424592019,0.258245098,0.036761943,0.041172339,0.115648379,0.057143926,0.036761943,0.057143926,0.150260531,0.047619921,0.424592019,0.115648379,0.115648379,0.833333028,0.258245098,0.258245098,0.041172339,0.047619921,0.047619921,0.099989966,0.041172339,0.124019726,0.057143926,0.036761943,0.041172339,0.549999175,0.089268115,0.131234533,0.041172339,0.036761943,0.047619921,0.057143926,0.131234533,0.099989966,0.099989966,0.099989966,0.132392282,0.172044864,0.475531084,0.047619921,0.071429946,0.047619921
0.041172339,0.338552222,0.581852406,0.163074998,0.032258637,0.026217688,0.032258637,0.681647619,0.23822486,0.193613418,0.304051121,0.107359913,0.581852406,0.23822486,0.193613418,0.142026452,0.163074998,0.163074998,0.193613418,0.041172339,1,0.041172339,0.022082402,0.022082402,0.028293767,0.07496322,0.193613418,0.304051121,0.193613418,0.032258637,0.258245098,0.304051121,0.032258637,0.117177012,0.144176356,0.243677156,0.07496322,0.041172339,0.23822486,0.193613418,0.032258637,0.041172339,0.295684717,0.581852406,0.063671527,0.026217688,0.022082402,0.581852406,0.163074998,0.193613418,0.032258637,0.304051121,0.163074998,0.304051121,0.258245098,0.032258637,0.022082402,0.032258637,0.032258637,0.032258637,0.581852406,0.581852406,0.193613418,0.23822486,0.23822486,0.026217688,0.193613418,0.036922976,0.304051121,0.163074998,0.193613418,0.032258637,0.025084784,0.295684717,0.193613418,0.163074998,0.23822486,0.041172339,0.295684717,0.026217688,0.026217688,0.026217688,0.041945966,0.387634533,0.026217688,0.23822486,0.054521373,0.032258637
0.057143926,0.387634533,0.666207666,0.036761943,0.047619921,0.041172339,0.047619921,0.041172339,0.047619921,0.041172339,0.057143926,0.128249503,0.666207666,0.047619921,0.041172339,0.033723621,0.036761943,0.036761943,0.041172339,0.057143926,0.041172339,1,0.036761943,0.036761943,0.041596591,0.093360272,0.041172339,0.057143926,0.041172339,0.047619921,0.295684717,0.057143926,0.833333028,0.041172339,0.047619921,0.071429946,0.093360272,0.138778105,0.047619921,0.041172339,0.047619921,0.057143926,0.338552222,0.666207666,0.041172339,0.041172339,0.036761943,0.666207666,0.036761943,0.041172339,0.047619921,0.057143926,0.036761943,0.057143926,0.295684717,0.047619921,0.036761943,0.047619921,0.047619921,0.047619921,0.666207666,0.666207666,0.041172339,0.047619921,0.047619921,0.041172339,0.041172339,0.051066946,0.057143926,0.036761943,0.041172339,0.047619921,0.036757459,0.338552222,0.041172339,0.036761943,0.047619921,0.057143926,0.338552222,0.041172339,0.041172339,0.041172339,0.054514469,0.443832654,0.041172339,0.047619921,0.071429946,0.833333028
0.089279004,0.06669053,0.114617607,0.018021641,0.125202196,0.053628691,0.068032244,0.022082402,0.028013277,0.022082402,0.036761943,0.246807647,0.114617607,0.028013277,0.022082402,0.015222379,0.018021641,0.018021641,0.022082402,0.089279004,0.022082402,0.036761943,1,1,0.059738124,0.069898901,0.022082402,0.036761943,0.022082402,0.068032244,0.050871037,0.036761943,0.028013277,0.022082402,0.028013277,0.049857993,0.169754474,0.036761943,0.028013277,0.022082402,0.068032244,0.089279004,0.058246171,0.114617607,0.022082402,0.053628691,0.043766843,0.114617607,0.018021641,0.022082402,0.125202196,0.036761943,0.018021641,0.036761943,0.06669053,0.028013277,0.043766843,0.125202196,0.125202196,0.068032244,0.114617607,0.114617607,0.022082402,0.028013277,0.028013277,0.053628691,0.022082402,0.080142252,0.036761943,0.018021641,0.022082402,0.068032244,0.053011465,0.058246171,0.022082402,0.018021641,0.028013277,0.036761943,0.058246171,0.053628691,0.053628691,0.053628691,0.093363502,0.076359129,0.053628691,0.028013277,0.049857993,0.028013277
0.089279004,0.172044864,0.295684717,0.018021641,0.125202196,0.053628691,0.068032244,0.022082402,0.028013277,0.022082402,0.036761943,0.246807647,0.295684717,0.028013277,0.022082402,0.015222379,0.018021641,0.018021641,0.022082402,0.089279004,0.022082402,0.036761943,1,1,0.059738124,0.069898901,0.022082402,0.036761943,0.022082402,0.068032244,0.131234533,0.036761943,0.028013277,0.022082402,0.028013277,0.049857993,0.169754474,0.036761943,0.028013277,0.022082402,0.068032244,0.089279004,0.150260531,0.295684717,0.022082402,0.053628691,0.043766843,0.295684717,0.018021641,0.022082402,0.125202196,0.036761943,0.018021641,0.036761943,0.172044864,0.028013277,0.043766843,0.125202196,0.125202196,0.068032244,0.295684717,0.295684717,0.022082402,0.028013277,0.028013277,0.053628691,0.022082402,0.080142252,0.036761943,0.018021641,0.022082402,0.068032244,0.053011465,0.150260531,0.022082402,0.018021641,0.028013277,0.036761943,0.150260531,0.053628691,0.053628691,0.053628691,0.093363502,0.196987425,0.053628691,0.028013277,0.049857993,0.028013277
0.101020293,0.443832654,0.762792505,0.024598051,0.081792245,0.126455816,0.150525223,0.028293767,0.03367916,0.028293767,0.041596591,0.443932609,0.762792505,0.03367916,0.028293767,0.022046425,0.024598051,0.024598051,0.028293767,0.185911296,0.028293767,0.041596591,0.059738124,0.059738124,1,0.071300853,0.028293767,0.041596591,0.028293767,0.150525223,0.338552222,0.041596591,0.03367916,0.028293767,0.03367916,0.053389492,0.526545366,0.041596591,0.03367916,0.028293767,0.081792245,0.185911296,0.387634533,0.762792505,0.028293767,0.109133101,0.109938228,0.762792505,0.024598051,0.028293767,0.081792245,0.041596591,0.024598051,0.041596591,0.338552222,0.03367916,0.109938228,0.081792245,0.081792245,0.150525223,0.762792505,0.762792505,0.028293767,0.03367916,0.03367916,0.109133101,0.028293767,0.091677448,0.041596591,0.024598051,0.028293767,0.150525223,0.065235947,0.387634533,0.028293767,0.024598051,0.03367916,0.041596591,0.387634533,0.068713434,0.109133101,0.068713434,0.174238403,0.508178215,0.126455816,0.03367916,0.053389492,0.03367916
0.093360272,0.443832654,0.762792505,0.069898901,0.082379097,0.07496322,0.082379097,0.07496322,0.082379097,0.07496322,0.093360272,0.176370951,0.762792505,0.082379097,0.07496322,0.066414066,0.069898901,0.069898901,0.07496322,0.093360272,0.07496322,0.093360272,0.069898901,0.069898901,0.071300853,1,0.07496322,0.093360272,0.07496322,0.082379097,0.338552222,0.093360272,0.082379097,0.07496322,0.082379097,0.109892388,0.135412554,0.093360272,0.082379097,0.07496322,0.082379097,0.093360272,0.387634533,0.762792505,0.07496322,0.07496322,0.069898901,0.762792505,0.069898901,0.07496322,0.082379097,0.093360272,0.069898901,0.093360272,0.338552222,0.082379097,0.069898901,0.082379097,0.082379097,0.082379097,0.762792505,0.762792505,0.07496322,0.082379097,0.082379097,0.07496322,0.07496322,0.082775499,0.093360272,0.069898901,0.07496322,0.082379097,0.062546377,0.387634533,0.07496322,0.069898901,0.082379097,0.226732089,0.387634533,0.07496322,0.07496322,0.07496322,0.082368064,0.508178215,0.07496322,0.082379097,0.266881514,0.082379097
0.041172339,0.387634533,0.666207666,0.163074998,0.032258637,0.026217688,0.032258637,0.193613418,0.23822486,0.193613418,0.304051121,0.107359913,0.666207666,0.564515588,0.458800952,0.142026452,0.163074998,0.163074998,0.193613418,0.041172339,0.193613418,0.041172339,0.022082402,0.022082402,0.028293767,0.07496322,1,0.304051121,0.193613418,0.032258637,0.295684717,0.304051121,0.032258637,0.117177012,0.144176356,0.243677156,0.07496322,0.041172339,0.23822486,0.193613418,0.032258637,0.041172339,0.338552222,0.666207666,0.063671527,0.026217688,0.022082402,0.666207666,0.163074998,0.193613418,0.032258637,0.304051121,0.163074998,0.304051121,0.295684717,0.032258637,0.022082402,0.032258637,0.032258637,0.032258637,0.666207666,0.666207666,0.193613418,0.23822486,0.23822486,0.026217688,0.193613418,0.036922976,0.304051121,0.163074998,0.193613418,0.032258637,0.025084784,0.338552222,0.193613418,0.255046685,0.372579866,0.041172339,0.338552222,0.026217688,0.026217688,0.026217688,0.041945966,0.443832654,0.026217688,0.23822486,0.054521373,0.032258637
0.057143926,0.150260531,0.258245098,0.271481054,0.047619921,0.041172339,0.047619921,0.304051121,0.351665478,0.304051121,0.421998728,0.128249503,0.258245098,0.351665478,0.304051121,0.389500093,0.271481054,0.424592019,0.475531084,0.057143926,0.304051121,0.057143926,0.036761943,0.036761943,0.041596591,0.093360272,0.304051121,1,0.720502458,0.047619921,0.114617607,0.659999252,0.047619921,0.184015148,0.21283189,0.319248128,0.093360272,0.057143926,0.549999175,0.475531084,0.047619921,0.057143926,0.131234533,0.258245098,0.099989966,0.041172339,0.036761943,0.258245098,0.271481054,0.304051121,0.047619921,0.659999252,0.271481054,0.421998728,0.114617607,0.047619921,0.036761943,0.047619921,0.047619921,0.047619921,0.258245098,0.258245098,0.304051121,0.549999175,0.549999175,0.041172339,0.304051121,0.051066946,0.421998728,0.271481054,0.304051121,0.047619921,0.036757459,0.131234533,0.475531084,0.271481054,0.351665478,0.057143926,0.131234533,0.041172339,0.041172339,0.041172339,0.054514469,0.172044864,0.041172339,0.351665478,0.071429946,0.047619921
0.041172339,0.005092431,0.008752101,0.163074998,0.032258637,0.026217688,0.032258637,0.193613418,0.23822486,0.193613418,0.304051121,0.107359913,0.008752101,0.23822486,0.193613418,0.222127095,0.163074998,0.255046685,0.302808285,0.041172339,0.193613418,0.041172339,0.022082402,0.022082402,0.028293767,0.07496322,0.193613418,0.720502458,1,0.032258637,0.003884468,0.475531084,0.032258637,0.117177012,0.144176356,0.243677156,0.07496322,0.041172339,0.372579866,0.302808285,0.032258637,0.041172339,0.004447627,0.008752101,0.063671527,0.026217688,0.022082402,0.008752101,0.163074998,0.193613418,0.032258637,0.475531084,0.163074998,0.304051121,0.003884468,0.032258637,0.022082402,0.032258637,0.032258637,0.032258637,0.008752101,0.008752101,0.193613418,0.372579866,0.372579866,0.026217688,0.193613418,0.036922976,0.304051121,0.163074998,0.193613418,0.032258637,0.025084784,0.004447627,0.302808285,0.163074998,0.23822486,0.041172339,0.004447627,0.026217688,0.026217688,0.026217688,0.041945966,0.005830717,0.026217688,0.23822486,0.054521373,0.032258637
0.115648379,0.387634533,0.666207666,0.028013277,0.093408273,0.372579866,0.444229946,0.032258637,0.03846223,0.032258637,0.047619921,0.517415251,0.666207666,0.03846223,0.032258637,0.025087767,0.028013277,0.028013277,0.032258637,0.549999175,0.032258637,0.047619921,0.068032244,0.068032244,0.150525223,0.082379097,0.032258637,0.047619921,0.032258637,1,0.295684717,0.047619921,0.03846223,0.032258637,0.03846223,0.061343273,0.368184128,0.047619921,0.03846223,0.032258637,0.093408273,0.833333028,0.338552222,0.666207666,0.032258637,0.078342404,0.32354693,0.666207666,0.028013277,0.032258637,0.093408273,0.047619921,0.028013277,0.047619921,0.295684717,0.03846223,0.32354693,0.093408273,0.093408273,0.444229946,0.666207666,0.666207666,0.032258637,0.03846223,0.03846223,0.078342404,0.032258637,0.103565692,0.047619921,0.028013277,0.032258637,0.673076439,0.072418828,0.338552222,0.032258637,0.028013277,0.03846223,0.047619921,0.338552222,0.078342404,0.078342404,0.078342404,0.114242844,0.443832654,0.372579866,0.03846223,0.061343273,0.03846223
0.196987425,0.196987425,0.338552222,0.172044864,0.338552222,0.295684717,0.338552222,0.258245098,0.033890675,0.338552222,0.000583682,0.338552222,0.338552222,0.131234533,0.131234533,0.338552222,0.295684717,0.196987425,0.005830717,0.114617607,0.258245098,0.295684717,0.050871037,0.131234533,0.338552222,0.338552222,0.295684717,0.114617607,0.003884468,0.295684717,1,0.000259057,0.172044864,0.06669053,0.338552222,0.005830717,0.338552222,0.131234533,0.038804046,0.029599435,0.338552222,0.295684717,0.172044864,0.338552222,0.172044864,0.225546086,0.338552222,0.338552222,0.338552222,0.295684717,0.225546086,0.258245098,0.172044864,0.172044864,0.150260531,0.196987425,0.196987425,0.100104718,0.196987425,0.295684717,0.338552222,0.338552222,0.150260531,0.338552222,0.338552222,0.150260531,0.029599435,0.172044864,0.076359129,0.06669053,0.044429743,0.225546086,0.225546086,0.172044864,0.196987425,0.338552222,0.338552222,0.06669053,0.172044864,0.150260531,0.087429452,0.338552222,0.131234533,0.225546086,0.131234533,0.338552222,0.087429452,0.172044864
0.057143926,0.000339617,0.000583682,0.271481054,0.047619921,0.041172339,0.047619921,0.304051121,0.351665478,0.304051121,0.421998728,0.128249503,0.000583682,0.351665478,0.304051121,0.389500093,0.271481054,0.424592019,0.475531084,0.057143926,0.304051121,0.057143926,0.036761943,0.036761943,0.041596591,0.093360272,0.304051121,0.659999252,0.475531084,0.047619921,0.000259057,1,0.047619921,0.184015148,0.21283189,0.319248128,0.093360272,0.057143926,0.549999175,0.475531084,0.047619921,0.057143926,0.000296615,0.000583682,0.099989966,0.041172339,0.036761943,0.000583682,0.271481054,0.304051121,0.047619921,0.659999252,0.271481054,0.421998728,0.000259057,0.047619921,0.036761943,0.047619921,0.047619921,0.047619921,0.000583682,0.000583682,0.304051121,0.549999175,0.549999175,0.041172339,0.304051121,0.051066946,0.421998728,0.271481054,0.304051121,0.047619921,0.036757459,0.000296615,0.475531084,0.271481054,0.351665478,0.057143926,0.000296615,0.041172339,0.041172339,0.041172339,0.054514469,0.000388854,0.041172339,0.351665478,0.071429946,0.047619921
0.047619921,0.225546086,0.387634533,0.028013277,0.03846223,0.032258637,0.03846223,0.032258637,0.03846223,0.032258637,0.047619921,0.115768709,0.387634533,0.03846223,0.032258637,0.025087767,0.028013277,0.028013277,0.032258637,0.047619921,0.032258637,0.833333028,0.028013277,0.028013277,0.03367916,0.082379097,0.032258637,0.047619921,0.032258637,0.03846223,0.172044864,0.047619921,1,0.032258637,0.03846223,0.061343273,0.082379097,0.115648379,0.03846223,0.032258637,0.03846223,0.047619921,0.196987425,0.387634533,0.032258637,0.032258637,0.028013277,0.387634533,0.028013277,0.032258637,0.03846223,0.047619921,0.028013277,0.047619921,0.172044864,0.03846223,0.028013277,0.03846223,0.03846223,0.03846223,0.387634533,0.387634533,0.032258637,0.03846223,0.03846223,0.032258637,0.032258637,0.042644697,0.047619921,0.028013277,0.032258637,0.03846223,0.029819518,0.196987425,0.032258637,0.028013277,0.03846223,0.047619921,0.196987425,0.032258637,0.032258637,0.032258637,0.047041171,0.258245098,0.032258637,0.03846223,0.061343273,0.673076439
0.041172339,0.087429452,0.150260531,0.098694817,0.032258637,0.026217688,0.032258637,0.117177012,0.144176356,0.117177012,0.184015148,0.107359913,0.150260531,0.144176356,0.117177012,0.085956001,0.098694817,0.098694817,0.117177012,0.041172339,0.117177012,0.041172339,0.022082402,0.022082402,0.028293767,0.07496322,0.117177012,0.184015148,0.117177012,0.032258637,0.06669053,0.184015148,0.032258637,1,0.838709477,0.629709368,0.07496322,0.041172339,0.144176356,0.117177012,0.032258637,0.041172339,0.076359129,0.150260531,0.063671527,0.026217688,0.022082402,0.150260531,0.098694817,0.117177012,0.032258637,0.184015148,0.098694817,0.184015148,0.06669053,0.032258637,0.022082402,0.032258637,0.032258637,0.032258637,0.150260531,0.150260531,0.117177012,0.144176356,0.144176356,0.026217688,0.117177012,0.036922976,0.184015148,0.098694817,0.117177012,0.032258637,0.025084784,0.076359129,0.117177012,0.098694817,0.144176356,0.041172339,0.076359129,0.026217688,0.026217688,0.026217688,0.041945966,0.100104718,0.026217688,0.144176356,0.054521373,0.032258637
0.047619921,0.443832654,0.762792505,0.125202196,0.03846223,0.032258637,0.03846223,0.144176356,0.17190262,0.144176356,0.21283189,0.115768709,0.762792505,0.17190262,0.144176356,0.112126961,0.125202196,0.125202196,0.144176356,0.047619921,0.144176356,0.047619921,0.028013277,0.028013277,0.03367916,0.082379097,0.144176356,0.21283189,0.144176356,0.03846223,0.338552222,0.21283189,0.03846223,0.838709477,1,0.708500752,0.082379097,0.047619921,0.17190262,0.144176356,0.03846223,0.047619921,0.387634533,0.762792505,0.078342404,0.032258637,0.028013277,0.762792505,0.125202196,0.144176356,0.03846223,0.21283189,0.125202196,0.21283189,0.338552222,0.03846223,0.028013277,0.03846223,0.03846223,0.03846223,0.762792505,0.762792505,0.144176356,0.17190262,0.17190262,0.032258637,0.144176356,0.042644697,0.21283189,0.125202196,0.144176356,0.03846223,0.029819518,0.387634533,0.144176356,0.125202196,0.17190262,0.047619921,0.387634533,0.032258637,0.032258637,0.032258637,0.047041171,0.508178215,0.032258637,0.17190262,0.061343273,0.03846223
0.071429946,0.007643909,0.013137196,0.222834703,0.061343273,0.054521373,0.061343273,0.243677156,0.274166874,0.243677156,0.319248128,0.14710564,0.013137196,0.274166874,0.243677156,0.208482801,0.222834703,0.222834703,0.243677156,0.071429946,0.243677156,0.071429946,0.049857993,0.049857993,0.053389492,0.109892388,0.243677156,0.319248128,0.243677156,0.061343273,0.005830717,0.319248128,0.061343273,0.629709368,0.708500752,1,0.109892388,0.071429946,0.274166874,0.243677156,0.061343273,0.071429946,0.006676037,0.013137196,0.132409048,0.054521373,0.049857993,0.017222503,0.222834703,0.243677156,0.061343273,0.319248128,0.222834703,0.319248128,0.005830717,0.061343273,0.049857993,0.061343273,0.061343273,0.061343273,0.013137196,0.013137196,0.243677156,0.274166874,0.274166874,0.054521373,0.243677156,0.063634677,0.319248128,0.222834703,0.243677156,0.061343273,0.047041171,0.006676037,0.243677156,0.222834703,0.274166874,0.071429946,0.006676037,0.054521373,0.054521373,0.054521373,0.065607367,0.008752101,0.054521373,0.274166874,0.086581804,0.061343273
0.226732089,0.443832654,0.762792505,0.069898901,0.200063521,0.335039696,0.368184128,0.07496322,0.082379097,0.07496322,0.093360272,0.788270167,0.762792505,0.082379097,0.07496322,0.066414066,0.069898901,0.069898901,0.07496322,0.417263256,0.07496322,0.093360272,0.169754474,0.169754474,0.526545366,0.135412554,0.07496322,0.093360272,0.07496322,0.368184128,0.338552222,0.093360272,0.082379097,0.07496322,0.082379097,0.109892388,1,0.093360272,0.082379097,0.07496322,0.200063521,0.417263256,0.387634533,0.762792505,0.07496322,0.182053534,0.312405292,0.762792505,0.069898901,0.07496322,0.200063521,0.093360272,0.069898901,0.093360272,0.338552222,0.082379097,0.312405292,0.200063521,0.200063521,0.368184128,0.762792505,0.762792505,0.07496322,0.082379097,0.082379097,0.182053534,0.07496322,0.201026211,0.093360272,0.069898901,0.07496322,0.368184128,0.151898344,0.387634533,0.07496322,0.069898901,0.082379097,0.093360272,0.387634533,0.182053534,0.182053534,0.182053534,0.200036727,0.508178215,0.335039696,0.082379097,0.109892388,0.082379097
0.057143926,0.172044864,0.295684717,0.036761943,0.047619921,0.041172339,0.047619921,0.041172339,0.047619921,0.041172339,0.057143926,0.128249503,0.295684717,0.047619921,0.041172339,0.033723621,0.036761943,0.036761943,0.041172339,0.057143926,0.041172339,0.138778105,0.036761943,0.036761943,0.041596591,0.093360272,0.041172339,0.057143926,0.041172339,0.047619921,0.131234533,0.057143926,0.115648379,0.041172339,0.047619921,0.071429946,0.093360272,1,0.047619921,0.041172339,0.047619921,0.057143926,0.150260531,0.295684717,0.041172339,0.041172339,0.036761943,0.295684717,0.036761943,0.041172339,0.047619921,0.057143926,0.036761943,0.057143926,0.131234533,0.047619921,0.036761943,0.047619921,0.047619921,0.047619921,0.295684717,0.295684717,0.041172339,0.047619921,0.047619921,0.041172339,0.041172339,0.051066946,0.057143926,0.036761943,0.041172339,0.047619921,0.036757459,0.150260531,0.041172339,0.036761943,0.047619921,0.057143926,0.150260531,0.041172339,0.041172339,0.041172339,0.054514469,0.196987425,0.041172339,0.047619921,0.071429946,0.115648379
